! Key Master Level 1
! 1 = Tile
! 8 = Ladder

                                     
 1111111111111111111111111111111   1111111111                                    
            8                             8
            8                             8
            8                             8
            8                             8
        1111111111                        8
         8      8                         8
         8      8                         8
         8      8                         8
   111111111111111111111111111111111      8            
   8                             8        8
   8                             8        8
   8                             8        8
11111                          11111111111111                                        
                                     8
                                     8
                                     8
                                     8
                                     8
111111111111111111111111111111111111111111111                                   
111111111111111111111111111111111111111111111    
---------------------------------------------